sound  [
  11.57719 -10.78739 4.796013 -4.126056 5.567405 5.658258 7.173508 3.873106 2.985189 8.587664 5.373584 4.162697 -0.2761401 
  11.83922 -10.85798 2.261969 -6.069386 3.190896 5.586357 8.650157 12.47981 17.79636 13.05303 10.15543 4.99112 1.946591 
  11.40492 -12.23079 2.112726 -6.711546 7.38464 8.235326 6.76723 4.338089 7.605383 11.00021 7.090487 0.9025469 -6.997467 
  10.30285 -13.81153 -2.100225 -11.67485 7.424537 9.889466 3.865179 1.448924 -1.71365 2.186244 -1.944219 -7.328261 -3.877832 
  9.753817 -15.55562 -3.14318 -12.30235 3.873898 2.857117 5.59489 7.596094 1.538008 4.391582 -2.406385 -8.416623 -6.905799 
  9.978148 -18.52771 -2.751485 -13.37346 -0.6516685 -0.4103667 8.515933 6.955413 6.613355 5.741614 1.047279 1.332192 -4.013063 
  10.68832 -15.82017 -0.2674241 -8.876227 6.182859 5.114132 8.120481 13.82037 19.52897 8.243196 5.871606 1.662549 -0.6529301 
  11.07441 -13.78072 0.2026659 -5.355226 7.965538 4.91332 10.38548 7.513427 12.95104 7.730112 2.669855 6.281528 4.046809 
  11.16005 -14.42086 1.420637 -3.903592 9.433896 9.912318 9.350183 3.351815 6.388683 4.797509 2.556148 2.103853 0.9670417 
  11.16652 -15.55152 0.1636954 -0.5080778 9.925636 3.87923 1.546724 13.01227 18.05565 7.350218 -0.518838 4.006073 8.050933 
  11.33396 -15.45123 0.3013606 0.1687838 9.047832 -3.830871 8.180414 20.59257 18.14642 10.88024 3.901295 1.54097 7.899991 
  12.21751 -13.1388 2.892955 -3.097869 4.416067 1.771928 11.85334 20.57581 15.27733 10.00353 -2.866317 4.73711 3.320912 
  14.39303 1.091717 0.5071499 -23.44156 -3.422813 9.292132 20.02809 10.52398 1.683692 -13.79628 -18.65228 0.8236942 20.93428 
  16.31299 13.77899 -2.611662 -33.44661 -2.913869 21.27557 6.693725 -8.473338 -17.00507 -20.69477 -18.34765 -8.837182 9.302907 
  17.57487 22.20434 -1.23354 -36.36084 -0.1479246 24.83572 4.807505 -22.02633 -22.25453 -22.26266 -19.58566 -9.918054 2.27664 
  18.36259 25.80918 1.332072 -36.60841 -1.312163 25.43028 6.176666 -26.77835 -33.20012 -26.76736 -28.05743 -15.52836 7.727057 
  18.67303 28.4508 4.214837 -33.96301 2.188566 24.32988 6.558261 -29.76748 -26.97215 -18.16399 -30.46156 -13.90847 7.458604 
  18.70654 26.51811 4.194147 -27.33359 1.431113 20.44817 5.8411 -30.79869 -33.82043 -17.99404 -20.92 -11.14614 3.170718 
  18.73226 25.59263 10.88465 -20.90834 6.330499 21.26297 9.257686 -32.08455 -37.8989 -20.75646 -22.24085 -8.552382 9.939307 
  18.43938 21.06576 14.32187 -10.35405 8.756033 22.02306 9.12014 -25.8463 -40.2371 -24.29269 -22.23238 -7.50101 11.66352 
  17.57664 15.67509 14.12335 -0.9791712 8.390485 13.02033 12.44751 -20.57778 -41.70273 -16.71377 -12.38133 -13.5178 3.103063 
  16.70455 3.498342 13.96575 14.99032 4.878767 10.30202 8.075185 -9.636991 -47.48521 -21.43257 -5.665024 -18.83357 2.092038 
  15.79078 -4.762532 13.53063 15.3786 -4.424251 12.37454 -6.422843 -1.948184 -52.65882 -27.86603 4.809479 -29.54192 8.741566 
  15.11965 -10.81916 12.2307 16.15489 -13.18948 13.34032 -13.52031 9.499819 -47.40915 -28.4992 8.962726 -35.25253 0.8185229 
  14.4806 -14.39154 7.721037 24.37506 -7.465559 7.065917 -3.736246 5.028241 -41.14288 -29.87174 0.9869047 -29.69247 -9.310138 
  13.51034 -15.52872 3.410111 20.39059 -4.97603 2.532562 -1.538364 8.877151 -28.44857 -23.82191 7.407011 -21.94956 -3.385481 
  12.35363 -15.42694 3.490592 19.37697 2.754171 -5.127424 7.876472 14.35105 -25.98496 -19.32567 10.26284 -14.02507 -0.937834 
  12.43176 -12.64924 3.933271 16.96833 8.750143 -3.533561 13.80533 12.95373 -16.65371 -12.40808 7.087993 -7.582126 -3.779886 
  12.4374 -6.603807 4.641545 7.492882 12.37675 -4.091658 14.37199 6.493246 -25.26144 -12.18414 3.051271 -2.81884 3.090016 
  12.53226 -8.064465 9.834446 5.414358 14.44576 1.651932 5.3392 2.154966 -21.63264 -18.72312 -3.615688 -6.198289 -2.642946 
  12.6946 -5.914218 8.269227 2.209327 12.38291 1.120809 4.063727 -6.073526 -23.84161 -24.95286 -15.43346 -4.749464 0.4181457 
  13.08384 -5.353482 8.284098 -2.106921 10.68982 7.328513 6.751345 -10.9117 -32.47242 -39.01842 -20.23206 -1.799008 4.424509 
  13.16161 -9.016455 17.14259 -4.417328 10.10893 -2.599902 -1.96741 -4.753274 -40.83829 -28.54564 -29.94656 5.806561 -8.109595 
  13.121 -19.05279 25.86144 -6.410518 8.718451 4.376939 -12.12429 0.8775717 -32.14818 -16.57891 -39.23601 3.834815 -18.69974 
  12.58491 -13.04026 16.83216 6.079268 12.75017 11.03398 -3.195011 -2.130152 -19.12135 -23.77712 -23.55825 -4.22848 -9.961231 
  11.87626 -11.66062 11.06382 1.881057 12.64564 3.269747 -3.47729 -6.250642 -7.498486 -10.20533 -8.94572 -1.414558 -1.557313 
  10.65377 -15.93648 5.949449 -3.036297 3.039119 3.109004 5.817399 -2.496819 -0.05352745 1.283787 0.6971881 1.743805 -0.1137841 
  9.636739 -20.29693 3.621168 -2.59291 5.005047 -1.646192 1.356909 0.4691807 -2.513387 4.099434 8.517424 -2.93127 -6.187232 
  9.129707 -20.48344 3.92554 -6.026838 1.054311 2.532963 4.824256 5.518752 11.48113 15.73626 11.76486 2.565491 0.5273126 
  8.847545 -24.33291 -1.665289 -4.194026 2.808468 1.902988 9.083525 0.3644183 -2.207635 3.764524 2.536803 -4.693231 -5.274147 
  8.325768 -23.98421 -0.1369655 -5.616383 4.290911 3.460021 5.245824 0.1607313 -3.203877 -2.929908 -0.9442594 -4.394829 -8.518388 
  8.297954 -24.66149 -1.828803 -8.000252 -1.265926 3.417614 7.756639 4.061167 4.047729 1.792032 5.781506 -3.382994 -7.982875 
  8.363544 -25.50545 -0.7860005 -8.136086 -1.234554 -0.5763761 12.23538 7.485376 2.774202 3.286728 6.007033 2.476295 2.601367 
  8.56012 -22.67428 4.254135 -5.700827 0.9213829 1.219504 8.765285 8.458643 -1.386702 1.137918 -1.299523 -5.84378 -4.327756 
  8.369573 -23.78901 -0.4756938 -5.227456 4.699205 0.9139867 7.234453 2.176841 3.317634 8.385873 -0.3807779 -4.465353 -3.231069 
  8.221056 -26.4387 -1.11636 -2.994199 2.600125 -1.227867 5.007183 -6.377253 -2.832531 5.442119 9.190512 4.842819 1.780188 
  8.334441 -25.41789 -2.290167 -9.907962 3.862221 -0.39276 5.503616 -0.116387 -0.3373838 6.335634 13.60966 4.719884 -4.039074 
  8.583392 -22.50026 0.8315207 -7.814293 -0.5530156 -1.929434 2.829059 -5.85111 -0.6996958 4.375528 0.02006138 -6.232796 -3.53023 
  10.18068 -22.32417 2.22124 -0.9638952 10.70348 7.530623 6.557671 -3.425705 -1.479403 1.066985 2.729201 -0.01926041 -2.592892 
  16.05792 2.605374 14.68358 -14.91209 -24.46989 -27.37909 -17.2672 -15.79589 6.338468 8.111975 6.109174 8.690214 9.727863 
  19.56061 28.47984 0.9904929 -34.06161 -5.854101 -12.2388 -36.52496 -13.2021 17.26283 5.118472 -7.69135 7.196265 1.502982 
  20.40653 38.79157 -8.093026 -40.54242 19.95904 -5.468448 -51.17953 -10.10305 32.05009 9.977097 -28.29708 2.598324 0.4331648 
  21.17017 43.0437 -10.85925 -45.01232 32.47415 2.434495 -49.46857 -4.331993 37.77204 10.78386 -31.36109 9.846293 -3.959852 
  21.41017 43.2723 -15.21881 -45.92869 31.82457 6.065834 -41.33405 3.509541 32.16968 -0.9969664 -32.0293 11.11299 -4.18515 
  21.50285 43.51403 -17.93713 -42.5184 34.26258 5.964266 -27.25222 11.11604 18.18785 -8.373892 -27.8797 13.7871 -2.4698 
  21.57965 42.27557 -17.99939 -41.55891 34.41055 11.04797 -19.14225 7.405417 19.3062 -13.77815 -37.65545 15.38966 0.1575405 
  21.61323 40.69472 -20.71014 -37.06266 38.57004 13.30181 -17.46966 10.23607 16.62157 -10.96902 -42.33773 10.13726 1.414435 
  21.63855 35.2666 -19.25961 -27.08943 40.5675 20.55483 -16.53911 5.532579 14.06564 -12.1097 -37.98581 0.4084167 -3.550481 
  21.55129 31.10563 -18.14841 -18.33256 39.43638 22.37432 -12.03736 7.937483 15.65187 -13.04089 -41.69584 -3.998674 -8.585167 
  21.18206 26.58612 -12.53606 -13.4504 35.31607 35.56575 -8.968199 5.591643 23.70259 -18.1843 -49.97089 -9.139601 -12.22412 
  20.50468 24.81931 -13.09501 -18.84748 28.30394 27.31303 3.744637 2.791053 11.9963 -14.01165 -39.77396 -13.99506 -5.824367 
  19.18754 21.49223 -13.47833 -15.17632 22.18747 21.93578 2.64821 8.885804 18.22138 -3.843154 -28.73525 -9.559793 5.373371 
  18.80329 13.87892 -7.982395 -6.542622 15.26689 29.21253 4.443047 14.57247 7.180454 -8.369605 -23.30026 -3.738404 1.468976 
  18.37342 -10.64212 -3.183938 19.20585 -22.43944 59.46005 -8.131076 14.70198 8.218189 -15.71017 -23.78668 -6.114738 -12.04129 
  17.6592 -25.01948 1.17807 29.65128 -36.59771 55.44605 -7.69328 12.29088 -0.1578849 0.7087604 -27.49117 -10.35437 -4.169141 
  17.25997 -28.38316 -3.332795 29.5554 -39.47426 39.86232 5.631492 20.62553 2.087639 14.48422 -12.50145 -10.99936 -11.67474 
  16.43523 -27.67452 -8.855744 35.87151 -36.70116 26.15891 4.064633 16.11899 -3.401477 12.97819 -3.007035 -10.76528 -11.95794 
  15.73685 -25.18217 -9.143655 29.98581 -31.04451 21.64527 -2.039073 13.51331 -13.29531 8.525711 8.750122 -9.969323 -5.007164 
  14.90054 -18.38584 -13.3182 22.93506 -19.47303 20.65865 -9.289216 1.784983 -5.168972 -7.355069 -1.093303 -10.18682 -8.582525 
  17.58298 -6.339218 -10.15762 18.02111 -4.93211 21.16192 -4.990246 -6.855867 -5.702648 -30.62899 -16.86288 -14.09715 -20.35997 
  19.78714 5.850475 -3.112169 22.16511 19.1928 26.63326 2.830437 -14.93619 -14.68998 -34.41724 -41.01221 -13.61978 -17.20643 
  20.8403 11.96887 6.316401 23.37684 43.50312 31.04774 -6.043499 -19.27469 -22.85275 -39.08633 -33.45937 -2.153749 -10.45751 
  21.22111 13.84182 2.67267 16.47828 55.58273 44.17464 -1.986926 -29.07392 -28.66113 -35.99123 -39.29889 -11.8634 -11.85367 
  20.90806 13.34888 -2.382291 12.15344 54.92053 45.14273 -12.801 -35.4475 -22.42731 -18.70845 -33.998 -19.32266 -14.33382 
  20.07337 13.35048 -11.36235 3.407615 59.70565 43.54197 -11.55106 -24.7912 -13.51224 -15.35217 -29.24841 -1.233779 -1.168789 
  18.66278 9.914595 -14.08665 2.553053 57.59642 47.51195 -13.82867 -25.06039 -4.44243 -2.40584 -21.30782 -4.664065 -3.151932 
  18.09789 10.47484 -10.92823 0.9791314 50.24265 33.94545 -11.97242 -22.09905 -10.28083 -8.317832 -13.19102 -1.507519 0.5497464 
  17.29317 12.96691 -4.574449 0.7979716 38.17509 20.91576 -1.491046 -16.92308 -9.96676 -2.993191 -9.253 -10.3971 -4.166369 
  16.21109 7.85676 -2.36317 -2.259769 30.14563 16.00311 -3.998816 -13.9147 -1.429384 8.110735 -14.77245 -7.385262 4.969525 
  15.23725 5.372608 -2.10127 -2.754674 26.98712 14.90804 4.350785 -8.26583 6.521257 7.326598 -13.46648 -5.237054 4.703183 
  14.92499 3.342484 -0.4467298 -5.347759 21.41837 16.37727 6.418235 0.8522838 -0.1377901 3.542931 -17.32262 -10.7815 -3.407132 
  14.19171 0.9994116 -3.269048 -4.110056 25.33146 22.69697 12.66786 -2.28066 3.583623 0.752837 -16.90872 -11.65647 -1.70596 
  13.95419 -2.730362 1.003281 -2.73933 14.81903 19.61535 18.86288 -0.5755029 -1.045274 3.783199 -11.93809 -13.41542 -7.892622 
  13.30509 -5.528633 -5.08445 -2.773894 15.41707 20.48733 19.2206 4.265382 -4.285513 6.763632 1.072742 -6.731784 -2.377747 
  12.86789 -8.276191 -6.734314 -3.425771 12.78142 15.52019 21.93219 8.885423 -2.260992 5.40699 -4.062004 -10.61814 -6.251126 
  12.28736 -7.799068 -5.450993 -0.8860398 12.13446 4.835741 17.52939 10.18377 -0.201958 -0.4633913 -1.920144 -6.132877 -2.157871 
  12.25689 -8.104631 -4.395292 0.7605371 18.24168 1.905914 11.22131 13.1545 1.027103 2.532849 3.123691 -14.28131 -9.330615 
  12.36999 -6.981913 -4.489385 -5.962497 11.53984 1.120189 9.545065 10.67999 1.06977 11.28699 2.557642 -11.04189 -4.551801 
  12.39188 -7.057075 -8.74996 -8.899975 11.96532 -0.02364438 7.208678 11.68963 14.77481 18.10886 4.431943 -5.427375 1.778697 
  12.08311 -9.822906 -5.131309 -4.772629 15.79376 5.344285 6.799043 16.87461 15.75875 13.08096 2.588796 0.7882118 -0.2480349 
  11.43129 -12.9011 -7.183515 -7.624769 8.19895 1.469635 7.643454 10.24942 12.32013 -1.620863 -5.908286 5.649362 5.515057 
  10.45773 -13.84563 -8.008258 -12.88676 3.098245 -4.292335 9.605113 20.56095 16.81844 7.531706 -1.930067 5.227135 1.987851 
  10.36862 -14.95943 -5.966772 -8.807001 6.204685 0.7286319 5.663981 11.53207 11.12617 7.546251 2.080672 2.496271 -6.38848 
  10.74131 -16.66467 -6.231382 -6.33111 14.00066 14.7031 11.51361 9.454149 8.281132 -1.435936 -6.580988 -2.379481 0.7040586 
  11.45415 -13.69598 -0.8741072 -3.891053 15.4666 17.80625 11.91607 12.81689 7.331855 -0.614205 -5.058483 1.098962 3.321173 
  12.27123 -13.09055 0.9948252 -3.334345 16.77102 21.74768 17.72935 13.33511 3.46026 -0.9679419 7.936035 8.390997 12.34975 
  12.50648 -10.27883 3.362232 0.6445807 16.2426 11.99328 14.49165 5.948351 4.740558 7.681754 -1.536603 0.2142677 -3.229508 
  12.61774 -8.167024 7.284342 0.7271222 16.92389 15.14049 10.83562 5.126997 10.39647 6.130224 -0.3019467 0.7401667 -3.98175 
  12.55116 -8.229307 6.837103 -3.134079 11.88349 9.202909 6.565487 3.007435 3.622278 9.952243 5.717113 0.5999508 -1.70395 
  12.03668 -9.030111 7.163904 0.644671 11.69396 6.378405 6.399006 -3.649801 -0.3286327 12.90115 7.758326 -9.958663 -8.064081 
  16.38824 -3.661848 14.78824 1.840618 6.895135 -3.83705 -8.568526 -17.7462 -11.15628 -7.022051 1.476668 -9.264238 -11.12912 
  19.79156 20.63506 34.48602 3.07116 -13.77551 -43.12349 -39.0405 -21.86611 -1.037725 6.793571 5.895792 -2.286243 -23.79224 
  22.2595 32.6719 12.94925 -0.05990368 19.82693 -63.74274 -71.40328 22.08196 27.84526 -8.942891 -5.561038 19.75948 -44.87004 
  23.87494 34.31335 -5.926003 -11.10107 16.06225 -45.49143 -42.25061 11.93174 35.15413 14.0822 -28.06806 27.05236 -50.91914 
  24.61283 29.17233 -13.2358 -9.918249 -5.831514 -14.40871 -25.99179 6.249928 21.48722 2.049662 -45.29538 23.30874 -19.55864 
  25.16788 24.826 -20.53896 -11.48555 -6.762424 4.99266 -41.61818 17.57466 0.704587 -5.618034 -48.64706 19.58512 8.260435 
  25.50884 21.03721 -28.94738 -8.151343 -6.594769 7.2574 -42.46684 11.71356 -11.4389 -1.560503 -45.77416 13.85624 15.34522 
  25.56211 15.88673 -29.51557 -11.637 -4.135702 -0.938699 -34.61921 1.555451 -6.782964 -7.109967 -41.70229 15.27341 7.885468 
  25.32795 13.23715 -30.20221 -15.63894 -1.583233 -7.93018 -32.31847 4.576794 -4.89013 -7.770709 -44.34481 15.00116 9.024165 
  25.03539 9.419528 -31.71532 -11.42189 -6.951001 -2.486883 -27.64129 3.439723 0.5014771 -9.04514 -33.62006 11.58151 6.975796 
  24.91539 10.83484 -33.65269 -16.55112 -9.075432 -0.5101859 -22.10034 6.540285 8.472347 -14.79843 -20.9898 7.191444 -0.7824561 
  25.00183 12.50941 -33.47876 -17.69672 -10.21733 -6.15061 -24.82218 7.340858 10.01729 -8.684775 -11.94255 7.961231 -6.23166 
  25.24905 12.59059 -32.72886 -20.01613 -5.649986 -9.801261 -30.7496 11.14021 11.39323 1.550142 -8.835923 10.28236 -10.82447 
  25.28586 12.62224 -34.03323 -19.66229 -8.681794 -9.050531 -31.36655 14.95239 2.827343 7.64147 -18.46619 14.04757 -14.34678 
  25.10777 10.479 -34.15758 -12.62073 -10.45106 -5.992139 -34.6376 11.58496 6.514044 -0.6877772 -17.47864 15.40159 -18.53328 
  24.80398 9.904532 -33.06124 -7.422935 -11.40901 -1.43465 -36.02599 7.145414 5.808331 -7.036381 -19.62653 12.25423 -11.01043 
  24.72095 10.02049 -27.32279 -9.515586 -10.15123 8.236609 -34.63995 3.938187 -5.375679 -6.449661 -19.77134 13.24428 -17.61481 
  24.48059 10.39962 -26.29755 -7.136856 -4.750838 11.7922 -33.65191 10.52104 -12.50442 -13.91842 -23.1693 19.32807 -26.79074 
  24.00362 13.98022 -25.57673 -1.537888 2.396919 18.35299 -29.28942 15.31757 -13.46439 -24.54344 -19.92345 19.68023 -27.3893 
  23.46209 16.27923 -21.58459 0.02054774 0.08082771 23.22412 -20.25288 14.73182 -17.21606 -24.79291 -12.45073 13.78014 -26.00052 
  22.97971 16.65738 -20.48061 0.5337047 14.06997 23.13005 -19.81602 16.82998 -17.97747 -19.13186 -9.451967 9.073196 -26.69704 
  22.70225 15.00331 -14.01724 0.3713253 -6.317699 16.17881 -10.86169 26.63432 -9.335255 -8.142583 -12.24515 7.399464 -19.06118 
  23.3484 10.37525 -12.28506 3.107502 -14.38495 10.11776 -14.33235 21.37768 -16.64461 -0.7378564 -1.623058 4.43696 -15.32137 
  24.40006 12.14754 -11.43538 1.397724 -14.62263 10.17152 -26.16975 6.238859 -7.022385 -5.575423 -1.650024 11.23398 -14.60775 
  25.17845 14.62746 -16.82847 -7.248114 -15.40947 8.22133 -27.34844 -1.669408 -0.8391732 -15.30487 -7.284599 12.50272 -7.638116 
  25.37043 12.05127 -26.06697 -8.91179 -12.19176 0.5534534 -29.37143 -10.99451 -1.220911 -21.74225 -6.79922 11.77464 -2.539374 
  25.54006 10.48331 -31.65836 1.004744 -23.3794 4.904341 -41.91337 -8.657201 -1.75617 -18.57939 -12.93872 13.08786 -3.870202 
  25.52984 8.168391 -30.00835 0.5278699 -26.14937 4.660879 -41.79945 1.901742 -5.478127 -22.93375 -29.1402 15.58355 1.057375 
  25.19697 7.158647 -29.58037 -1.485922 -17.51612 5.353523 -32.14714 6.497962 -3.73048 -32.80212 -32.43036 14.6689 0.2247226 
  24.76408 9.920741 -21.39147 1.306804 2.566979 12.39787 -18.14512 14.0609 -5.993458 -28.34833 -27.20344 12.5615 -8.373131 
  24.20962 13.49321 -10.37049 14.17981 5.647681 17.77745 -18.90576 11.69075 -5.839313 -2.96142 -28.80038 0.7725048 -7.236594 
  24.17367 12.94418 -4.58287 17.14296 2.372792 17.23323 -21.20511 15.19029 -0.001212299 6.437716 -20.91091 -0.2905798 -6.128468 
  23.93639 14.21686 -5.28585 12.76875 -0.8987445 22.59305 -9.782582 25.11532 7.005376 2.125846 -13.54923 10.66868 -4.858394 
  23.57839 17.0807 -5.415312 14.52594 -0.3046476 23.50348 -5.418555 8.477125 7.230218 12.24262 -17.36204 15.12106 -4.403005 
  23.15401 20.02118 -7.819836 10.19514 6.389429 21.54753 0.4009979 3.373558 9.222393 5.84737 -22.02315 15.08909 -0.9238693 
  22.81532 24.00416 -9.42944 3.131407 13.24735 19.66368 4.64209 14.46361 7.697974 -2.705555 -34.90765 14.89219 -4.937202 
  22.5709 22.785 -9.886995 9.04022 19.15386 16.53859 7.645829 9.359137 7.126087 -16.65595 -42.02868 22.82092 -2.801133 
  22.18229 23.56594 -3.550929 7.139274 31.87766 14.16041 0.04433352 15.26766 -1.787519 -16.90074 -26.87531 20.51028 -12.65862 
  22.50155 -20.08532 -0.03205712 20.07094 16.0602 10.78539 -1.298218 18.42904 2.360262 12.4213 -7.902085 -9.711433 -10.12018 
  24.37391 -18.31363 -19.40657 3.698635 15.86317 26.11849 -13.68084 3.877676 -8.591231 -4.114085 -15.06657 -7.01619 -15.54707 
  25.36952 -4.645998 -34.07827 2.409123 14.29219 23.64273 -20.90347 -8.547016 -25.06326 -10.55259 -21.04478 3.68561 -17.59071 
  25.75723 -0.2030361 -37.22526 -7.371751 6.567311 24.15587 -34.97095 -8.991246 -31.05881 -7.228875 -11.20979 16.93682 -11.09056 
  25.69626 2.028236 -32.89808 -16.30149 10.60777 21.36421 -39.72035 -11.09693 -40.76533 -14.95541 -13.13991 24.94081 -1.512151 
  25.71271 2.690242 -28.19658 -14.07308 2.317052 25.48726 -40.92249 -14.70842 -42.80514 -19.97938 -23.98709 8.275698 -2.84114 
  25.9367 -1.9767 -34.4313 -9.620553 2.967122 18.37942 -19.76636 -26.03112 -36.85562 -26.65009 -26.67295 -0.6497841 -3.31765 
  26.15666 -4.889973 -34.23314 -10.18963 1.820386 14.66702 -15.80725 -26.11001 -38.32725 -20.85221 -20.18274 2.898027 -1.98988 
  26.17309 -4.080517 -35.27748 -10.50122 0.315672 11.31933 -20.54347 -24.77463 -37.49255 -23.64257 -9.835279 4.433201 -4.50283 
  26.0701 -0.01547485 -32.46428 -9.500291 11.02766 18.82576 -25.82614 -23.97729 -32.94809 -23.61314 -12.95591 6.33597 -7.098156 
  25.80606 2.174716 -29.94811 -7.374951 18.70475 27.9551 -25.04063 -29.12292 -29.66185 -17.31509 -15.88828 2.29723 -16.90218 
  25.35365 7.432524 -25.45982 -6.249123 30.25141 32.70374 -33.32141 -13.12943 -30.43229 -15.54099 -31.04798 6.261415 -18.92637 
  24.75128 7.353354 -18.61253 1.846332 30.93113 41.91788 -37.25514 -7.253116 -22.7772 -15.98006 -24.00372 2.519594 -22.80166 
  24.09663 9.5208 -18.79191 7.656912 25.87853 39.02993 -36.9907 11.58447 -0.1219594 -13.84501 -22.08685 -2.851009 -19.89525 
  23.88791 11.76201 -19.31201 11.78653 20.40182 39.97833 -41.06467 23.05691 -1.200562 -11.29475 -27.49688 -3.740885 -12.06925 
  23.97822 13.98653 -18.50425 10.8766 15.5024 41.69963 -32.94035 22.24132 0.2093078 -22.97606 -24.07269 7.045641 -17.18065 
  23.99972 19.71575 -17.74799 10.48352 17.25763 35.24558 -28.19283 19.21315 7.088377 -33.9556 -19.09092 14.81183 -27.28305 
  24.05931 22.79451 -20.32726 4.444312 23.8384 34.74292 -18.70734 20.33033 17.03971 -41.72619 -18.01516 16.2644 -48.27831 
  24.09844 22.19377 -23.14898 4.51055 25.13513 35.08615 -29.41949 17.57054 20.29572 -46.77449 -24.22505 16.74063 -40.03597 
  24.0417 16.84281 -27.97428 12.51041 26.14029 28.98286 -42.2497 17.12646 6.091996 -34.39163 -22.49294 2.719399 -24.00673 
  23.9125 14.51908 -22.31071 16.57839 17.26603 29.33504 -50.30212 15.33123 6.704222 -19.1202 -26.1758 -6.249098 -18.92995 
  23.74349 16.86621 -24.24014 6.115356 13.81364 36.84216 -40.25828 -2.711361 -1.427469 -22.53408 -9.537221 12.74838 -28.20461 
  23.76358 14.42186 -23.6857 -9.228613 13.66351 32.53673 -44.77665 0.4153046 -5.644553 -45.14389 6.753774 12.15375 -17.98821 
  23.9609 14.27878 -24.39329 -14.0865 7.945778 29.06539 -42.31486 1.838816 -9.881484 -51.48659 10.77713 9.659978 -6.230951 
  24.06073 13.69069 -25.71896 -19.88023 8.331141 21.4785 -42.76038 9.091988 -12.64385 -44.03005 5.742494 16.32232 -5.381699 
  24.15356 14.36136 -25.75778 -20.8027 1.114081 23.28092 -49.18113 26.80345 -13.74103 -31.92701 -0.09364338 15.00284 2.177306 
  24.03992 17.81237 -32.78503 -17.29195 -3.773293 17.67945 -50.46547 33.51424 -14.59795 -25.25956 1.109064 8.941269 5.769485 
  24.36337 19.81522 -33.77853 -22.40584 -7.800103 19.29093 -59.35889 38.42458 2.350786 -36.5786 14.37162 -1.244104 7.589842 
  24.44049 11.89776 -27.16926 -28.68806 -8.516664 16.54749 -54.55762 35.41405 15.41771 -35.93379 12.54161 -0.4578724 7.005976 
  24.44604 12.78762 -28.8594 -28.3775 -9.739094 14.19919 -54.96052 30.89196 19.42206 -21.78992 11.2615 -1.548017 2.659768 
  24.28379 14.13586 -31.79332 -22.33047 -13.03234 7.200433 -52.96018 33.65384 13.60456 -11.93249 14.65329 -12.62805 6.185086 
  23.94251 16.92393 -25.40192 -23.56005 -10.21036 4.538216 -55.12963 36.00074 19.70117 -7.229473 9.861448 -8.060752 4.618366 
  23.00321 24.45921 -21.96207 -23.77742 -6.5057 0.4146206 -50.4711 32.04131 14.80394 -1.193746 20.99611 -11.76993 -10.68158 
  22.05517 24.32734 -13.74941 -18.34853 -12.41427 0.6153525 -46.06318 36.41857 30.93518 -17.05217 16.30733 -10.86461 -5.1199 
  20.49991 23.04161 -16.33788 -22.37386 -3.513763 5.039713 -41.59813 34.46447 22.18679 -12.17828 28.45967 -1.554889 -1.340124 
  19.48919 22.06411 -15.6617 -20.62996 7.272222 7.010232 -39.81113 29.63094 34.28029 -15.92404 7.218465 4.60118 3.834892 
  18.48005 22.25982 -17.14154 -26.43679 14.50152 -2.50189 -35.17984 25.41697 38.23669 -10.18372 1.120855 14.33106 7.935715 
  17.70114 22.47216 -24.06737 -32.15536 17.90016 -8.666772 -27.55359 19.24253 30.03015 -10.56109 -9.79222 17.70893 8.748285 
  16.82072 18.561 -24.18639 -35.77142 15.4167 -10.5952 -26.53727 13.01624 21.03964 -9.95959 -14.57719 18.20896 12.47742 
  16.28931 16.21628 -20.8921 -35.63098 5.812033 -11.77484 -25.8238 12.58353 26.95007 -11.11554 -15.58235 13.39248 9.47885 
  16.023 13.61403 -18.66329 -31.20579 2.759319 -13.91796 -19.04489 16.43781 21.27879 -10.64173 -20.21572 10.87552 9.851446 
  15.51884 9.285676 -16.16304 -22.54717 -6.492167 -16.17649 -13.54128 26.63785 18.54359 -5.380736 4.078579 3.199136 -2.682151 
  15.17212 7.954689 -16.6316 -29.17568 -10.03576 -13.12182 -6.165537 23.31695 18.15307 0.18621 2.576734 3.816759 7.610353 
  14.50033 4.366902 -12.93531 -25.03448 -5.631749 -13.80115 -2.511678 20.65322 17.57786 -4.417963 -10.51239 2.286092 3.415315 
  13.36952 1.929775 -11.24181 -25.44475 0.8174846 -5.456118 -3.422841 17.22575 20.32981 -4.45367 -7.192395 4.653668 3.433282 
  12.88885 -1.272891 -6.04441 -20.2771 -0.2375093 -7.985967 -8.173806 10.46024 21.51215 10.41071 -1.199632 3.668896 4.841093 
  12.8274 -1.196527 -2.719341 -15.60466 7.131197 -2.239647 -5.71245 10.31651 24.97901 9.122114 -2.41995 3.357765 5.860048 
  13.15528 -0.5850887 -2.045811 -14.41004 11.19878 9.292192 5.908471 13.07355 16.67333 6.576882 -3.488701 1.661322 4.983946 
  13.0993 -2.523781 -1.406857 -9.340416 13.05811 7.151754 11.43906 19.0589 14.07403 1.086084 -6.771676 2.544168 7.289182 
  12.66633 -4.59362 -1.616255 -11.78645 10.8668 7.95384 3.176972 8.626153 5.977528 -4.776355 -8.237262 -2.559611 4.08177 
  12.26324 -6.019815 0.2637915 -12.67766 11.64395 10.50871 7.016054 8.92545 8.672894 2.983103 -2.753292 -2.955657 0.07963897 
  11.93376 -5.202645 -0.1296602 -13.93123 7.342075 6.425618 10.40169 8.839827 8.677433 5.980256 1.976817 -5.514753 -5.079327 
  11.64252 -7.98284 -3.196326 -19.08162 4.202796 11.29252 3.815618 8.347456 6.041029 6.879633 -1.358244 -10.53613 -6.900578 
  11.29126 -9.36224 -6.132268 -17.80263 5.674694 13.65352 1.151457 3.519912 10.98765 7.154718 5.212225 -10.20684 -13.39385 
  10.93235 -11.41405 -1.559934 -9.479101 10.6771 8.807064 4.809659 4.115945 8.95143 9.383557 4.168875 -5.394653 -13.0357 
  10.54959 -14.01945 -7.337218 -17.42147 1.639844 1.397547 1.028131 0.7858468 9.425358 8.798146 2.769496 -9.623772 -10.85857 
  10.59366 -11.06786 -3.781032 -16.84435 4.552984 10.318 9.661912 6.217599 11.54669 7.34419 -1.786123 -6.634357 -6.307943 
  10.59777 -12.73147 -7.471083 -15.90783 3.484234 9.046094 15.87587 8.698519 9.896169 5.962578 -5.714091 -18.38032 -21.10271 
  10.34192 -14.82197 -3.741735 -16.22104 4.501827 5.192818 5.244796 8.152349 3.306674 0.8307259 1.256152 -5.040902 -1.270218 
  10.22992 -12.01109 -1.440257 -14.32786 5.20076 3.771356 3.464323 3.801707 7.600841 7.080852 -3.455744 -1.024638 0.4647931 
  10.46577 -13.07338 -4.527198 -15.54054 2.085976 2.742803 5.272336 1.636087 9.011746 12.1531 6.096088 1.181265 2.142333 
  10.16267 -12.61289 -1.006332 -14.28083 -3.235442 2.446735 3.220451 3.136012 16.01238 15.47064 4.549591 -5.449273 -0.4694045 
  9.954762 -14.3905 -5.964115 -21.00952 -4.313107 -1.638226 0.265335 1.356644 8.239247 9.464764 2.636045 -12.79924 -6.865373 
  9.596302 -15.24116 -1.366482 -13.33541 -4.76188 -7.436251 -0.9446841 -3.512649 6.117341 13.5613 5.333827 -6.641556 -9.994226 
  9.473732 -17.329 -2.542767 -11.37114 3.686527 0.2916284 1.763211 -1.698977 8.817353 7.937092 -1.521459 -9.730185 -10.17428 
  9.699692 -16.3459 2.810803 -4.876725 2.365349 -1.276546 0.7313588 -4.480452 6.978926 10.68978 -3.924587 -9.657995 -5.865054 
  9.618951 -16.47408 1.688567 -6.772154 7.335325 2.747202 -0.3191499 -0.5516525 10.19291 13.62029 3.496572 -7.334404 -9.371265 
  9.462338 -19.38029 -1.923415 -7.543496 4.810799 4.775898 0.4274723 0.2550036 13.53587 11.25383 -4.495245 -17.33627 -10.14835 
  9.052891 -21.15237 -2.693937 -11.70554 2.246235 -0.00787429 0.6348247 -9.423202 0.167145 8.948218 -2.434986 -7.127907 -3.994371 
  9.316842 -18.62445 1.190986 -7.291389 0.463479 1.612702 1.692021 -2.035071 6.444751 10.34403 -0.05359999 -0.8436985 7.113244 
  10.06022 -19.74093 3.90834 -3.81452 2.742741 8.14226 6.611974 7.855381 13.50886 12.20787 11.27575 10.61715 6.138467 
  9.962083 -19.6546 3.518987 -3.315874 7.274718 3.821604 6.900011 2.921761 9.894269 11.93744 7.879419 3.361839 4.860939 
  9.116837 -24.64802 2.84648 -0.8955315 2.309577 0.1017458 0.7169569 1.028182 7.514744 4.807826 1.048381 -0.06599808 4.142539 
  8.614303 -22.22908 2.681531 -6.399258 0.8151342 -0.2436199 6.124951 3.089196 6.75711 11.87888 2.181492 -12.41869 -5.689642 
  8.583583 -23.1844 0.8915773 -8.894629 1.427111 6.669376 6.371364 -3.080185 2.33377 6.64919 -0.9668462 -9.204303 -7.535108 
  8.82456 -24.11097 1.134372 -2.805739 2.11068 4.233665 0.2795947 -3.94259 4.859038 12.60329 7.108451 1.128021 -9.425701 
  8.85185 -20.93331 3.697214 -3.025426 7.810377 7.638825 8.870271 -0.3852031 -0.629986 1.860943 2.615947 -1.248982 -0.6237167 
  8.720485 -22.94297 0.8042191 -8.970626 -3.109255 -0.1172577 4.019234 3.381305 4.970053 5.615458 10.62267 10.16108 4.115873 
  8.563066 -23.93579 1.659294 -4.221942 1.721112 -0.9433364 2.811417 -3.159715 -0.1867308 -0.2431404 3.139994 9.171115 12.50883 
  8.744153 -24.20377 3.050158 -4.923275 4.306486 0.6695493 0.4664856 -4.697435 -2.654349 15.97235 14.80972 -0.529335 -3.415454 
  9.018738 -21.23896 6.638692 -1.94276 8.315536 7.300618 7.129703 3.040285 0.02442179 1.85759 2.214812 3.230495 -2.673353 
  9.205367 -22.81807 6.223469 1.406638 8.612521 6.628661 8.563623 2.507733 0.1093037 4.781876 -0.2969441 -5.587518 -6.040632 
  9.008905 -24.37163 6.626898 -6.165767 3.783976 9.362084 3.839137 9.495954 0.7593609 2.182909 -4.909791 -9.274066 -6.460087 
  8.613642 -26.36794 4.916891 -7.587337 -0.5636507 4.246632 -0.8062723 14.32533 0.5079033 5.053443 -4.612952 -11.13714 -3.712965 
  8.279216 -25.11812 1.388737 -10.27785 -4.449618 0.9441011 8.37183 7.565022 4.056152 0.9365787 -3.029104 -8.543615 -1.283509 
  8.633204 -26.72777 -1.194751 -8.140809 -1.17157 2.201947 10.02529 5.078184 1.771872 3.521912 0.02935798 -4.631556 -4.922565 
  8.69166 -23.65535 5.234964 -0.3878588 2.374079 3.428044 11.78931 9.466167 14.91227 16.04115 7.065905 -7.395138 -9.471845 
  8.717376 -26.00951 -0.1704612 -5.747016 -0.5522106 -1.802387 5.766038 6.39526 3.865677 6.202203 2.331198 1.096012 -2.574429 
  8.220475 -26.48136 1.315533 -7.164469 -1.86429 -0.6071046 1.197804 -0.850971 4.258249 10.48094 14.54667 6.445819 -6.58556 
  8.212978 -24.51311 3.251872 -3.240968 1.085428 -6.970545 -0.02374106 7.0159 5.15011 7.725263 6.502344 0.1735697 -6.979098 
  8.406985 -25.4303 1.081702 -5.783064 2.47854 -0.4259646 6.129366 3.911229 6.512847 5.846894 -3.30557 -8.717125 -3.856348 
  8.738538 -23.16666 1.872938 -4.137794 2.291166 4.282041 8.005593 3.679467 11.25262 9.832489 2.207075 -7.008522 -0.4449414 
  9.084764 -22.90007 1.496795 -6.309952 3.457879 6.01585 11.92352 6.115404 9.809274 16.32681 6.235551 1.521295 2.007025 
  9.204316 -24.03489 1.899563 -5.206396 5.477442 6.7199 11.24367 9.623021 10.75392 10.85631 -0.6783852 2.256832 4.969576 
  9.344608 -22.69657 2.78792 -2.743546 4.184096 7.988382 13.93594 10.60119 12.9421 13.02554 3.509111 -2.404747 -1.962106 
  9.222582 -21.56609 3.338902 -3.699206 5.590782 11.66736 11.67526 9.279791 5.712683 4.581029 -0.9647516 -4.691085 -1.356382 
  8.871267 -25.54908 1.847557 -3.114965 3.998699 9.303105 18.26482 12.5349 13.64818 9.843786 2.290653 -0.8004112 -0.1302969 
  8.497798 -27.24161 -0.3438307 -1.537163 5.68787 4.769821 5.332688 4.499654 5.058264 5.302131 0.1454266 -2.331511 -5.275099 
  8.554894 -26.31927 2.046177 -1.89564 2.140048 0.9316579 7.450578 6.737904 2.899454 8.716422 5.969221 -2.230379 -6.278075 
  9.014216 -24.63583 5.723077 -4.044093 5.17706 7.939026 8.180593 5.052671 3.406657 6.157601 6.180656 5.554441 -0.5686542 
  9.361315 -22.70086 7.041158 0.9694259 7.932649 10.12664 9.767141 4.455124 6.63847 9.800589 0.9668943 -8.61412 -5.986975 
  9.048185 -24.72491 2.233438 -1.408835 6.272332 7.618749 9.934423 3.244118 5.426118 10.14548 6.61015 0.1021643 -2.029172 
  8.287188 -26.97665 -2.04377 -6.493139 0.5207508 2.260383 15.53941 8.622339 8.407384 7.403567 4.873965 2.816245 1.446006 
  8.27752 -26.83894 -1.180504 -6.151011 1.693885 4.054627 11.59813 4.240923 3.139652 2.344896 0.9179313 -0.04601955 1.403069 
  8.01582 -26.68145 0.8012335 -7.058162 2.004792 0.956515 5.201229 -2.555681 3.794721 4.187293 -4.370798 -14.38056 -13.91238 
  8.079573 -25.74974 -0.6412245 -11.01062 0.1343893 1.115571 5.857911 1.306738 5.025385 7.289758 -2.199323 -2.674793 -6.278395 
  8.189323 -27.94608 0.2744841 -8.742172 0.04489085 3.696007 11.38036 7.290551 7.014946 6.472826 10.06232 4.502538 -1.097747 
  8.20969 -24.60224 0.6126729 -7.890979 4.355242 3.586721 4.38377 2.862939 5.434256 3.064179 1.012686 -2.535144 -1.023003 
  8.405095 -24.10911 0.8979825 -7.045961 5.285919 9.113461 9.335268 2.159882 3.377884 7.600823 4.63608 2.644744 0.6827359 
  8.274632 -26.53398 1.328879 -1.67113 6.592374 5.073552 6.119316 0.974829 -3.1384 -1.486057 4.334201 -1.081221 -1.095987 
  7.947178 -27.84871 -0.09430473 -6.858817 -1.150851 3.167979 4.73719 7.481724 9.227977 5.69749 4.334635 -1.606745 -2.521832 
  8.133183 -28.09544 0.7091736 -6.335226 -0.2134084 1.463378 3.250591 0.7193756 9.128057 9.492237 6.861952 -3.238243 -4.443542 
  8.189911 -25.53192 5.141699 -2.691449 2.742872 1.759317 4.200722 10.40036 8.675772 7.857666 6.205692 3.802998 -1.691576 
  8.349526 -27.1472 -0.157426 -9.418734 -2.330175 2.305778 10.38803 4.27034 1.671159 7.025778 6.78413 0.1343336 0.6887022 
  8.226677 -25.6467 2.37287 -6.075866 0.8292277 3.929808 3.859925 -0.1032027 5.109336 5.266691 2.636121 3.938787 -2.045903 
  8.11457 -26.55943 4.818859 -4.158306 -0.688836 1.488458 6.585497 5.699278 4.578152 2.452911 0.7766117 -7.520391 -10.14526 
  8.271904 -27.61629 0.2711808 -3.034156 4.68361 7.233468 9.226748 5.591985 2.259733 -2.740354 4.223334 0.9677868 -2.95697 
  8.294506 -26.42406 3.166828 -4.810761 2.358953 3.689275 8.703479 4.588636 4.943212 6.664272 -1.900063 -5.157709 -1.884999 
  8.375239 -25.23586 2.008072 -5.473969 4.515723 0.7276833 2.778923 -1.578712 2.65484 2.128592 0.9544091 -2.953254 -0.9604576 
  8.906294 -25.8309 0.4472038 -5.849108 1.614231 6.62661 13.30961 7.004896 12.50888 11.61806 -0.8522628 3.463789 6.091785 ]
